a 1	2 154
a 2	1 154
a 2	3 117
a 2	5 82
a 3	2 117
a 3	6 83
a 4	1 74
a 4	5 161
a 4	7 237
a 5	2 82
a 5	4 161
a 5	6 117
a 5	8 201
a 6	3 83
a 6	5 117
a 6	9 439
a 7	4 237
a 7	8 115
a 7	10 198
a 8	5 201
a 8	7 115
a 8	9 360
a 8	12 86
a 9	6 439
a 9	8 360
a 9	13 280
a 10 7 198
a 10 11 120
a 11 10 120
a 11	12 116
a 12	8 86
a 12	11 116
a 12	13 112
a 13	9 280
a 13	12 112
