a 1	2 147
a 2	1 147
a 2	3 114
a 2	5 81
a 3	2 114
a 3	6 77
a 3 25 77
a 4	1 737
a 4	5 155
a 4	7 83
a 5	2 81
a 5	4 155
a 5	6 113
a 5	8 76
a 6	3 77
a 6	5 113
a 6	9 84
a 6 27 84
a 7	4 83
a 7	8 156
a 7	10 86
a 8	5 76
a 8	7 156
a 8	9 112
a 8	12 83
a 9	6 84
a 9	8 112
a 9 28 111
a 9	13 80
a 10 7 86
a 10 11	41
a 10 14 31
a 11 10	41
a 11 12	120
a 11 15 64
a 12 8	83
a 12 11	120
a 12 13	112
a 12 16 83
a 13 9	80
a 13 12	112
a 13 17 89
a 13 29 111
a 14 10 31
a 14 15 34
a 14 18 71
a 15 11 100
a 15 14 34
a 15 16 91
a 16 12 83
a 16 15 91
a 16 17 89
a 16 19 111
a 17 13 89
a 17 16 89
a 17 20 89
a 17 30 89
a 18 14 71
a 18 19 138
a 18 21 48
a 19 16 111
a 19 18 138
a 19 20 111
a 20 17 89
a 20 19 111
a 20 24 89
a 20 31 89
a 21 18 48
a 21 22 28
a 22 21 28
a 22 23 155
a 23 19 138
a 23 22 155
a 23 24 111
a 24 20 89
a 24 23 111
a 24 32 89
a 25 3 77
a 25 26 39
a 26 25 39
a 26 27 48
a 26 33 XX
a 27 6 84
a 27 26 48
a 27 28 77
a 27 33 XX
a 28 9 111
a 28 27 77
a 28 29 77
a 28 34 XX
a 29 13 111
a 29 28 77
a 29 30 77
a 29 35 XX
a 30 17 89
a 30 29 77
a 30 31 77
a 30 37 XX
a 31 20 89
a 31 30 77
a 31 32 77
a 31 38 XX
a 32 24 89
a 32 31 77
a 33 26 XX
a 33 27 XX
a 34 28 XX
a 35 29 XX
a 36 35 XX
a 36 37 XX
a 36 39 XX
a 37 30 XX
a 37 36 XX
a 37 38 XX
a 38 31 XX
a 38 37 XX
a 38 39 XX
a 39 36 XX
a 39 38 XX