a 1	2 147
a 2	1 147
a 2	3 114
a 2	5 81
a 3	2 114
a 3	6 77
a 4	1 737
a 4	5 155
a 4	7 83
a 5	2 81
a 5	4 155
a 5	6 113
a 5	8 76
a 6	3 77
a 6	5 113
a 6	9 84
a 7	4 83
a 7	8 156
a 7	10 86
a 8	5 76
a 8	7 156
a 8	9 112
a 8	12 83
a 9	6 84
a 9	8 112
a 9	13 80
a 10 7 86
a 10 11	41
a 11 10	41
a 11 12	120
a 12 8	83
a 12 11	120
a 12 13	112
a 13 9	80
a 13 12	112