a 1 2 154 
a 1 77 122
a 2 1 154 
a 2 3 117 
a 2 5 82 
a 2 80 49
a 3 2 117 
a 3 6 83 
a 3 25 91 
a 3 81 57
a 4 1 74
a 4 5 161 
a 4 7 237 
a 4 74 67
a 5 2 82 
a 5 4 161 
a 5 6 117 
a 5 8 201 
a 6 3 83 
a 6 5 117 
a 6 9 439 
a 6 27 120 
a 7 4 237 
a 7 8 115 
a 7 10 198 
a 8 5 201 
a 8 7 115 
a 8 9 360 
a 8 12 86 
a 9 6 439 
a 9 8 360 
a 9 28 93 
a 9 13 280 
a 10 7 198 
a 10 11 120 
a 10 14 128 
a 10 72 107
a 11 10 120 
a 11 12 116 
a 11 15 204 
a 12 8 86 
a 12 11 116 
a 12 13 112 
a 12 16 197 
a 13 9 280 
a 13 12 112 
a 13 17 88 
a 13 29 115 
a 14 10 128 
a 14 15 48 
a 14 18 84 
a 15 11 204 
a 15 14 48 
a 15 16 122 
a 16 12 197 
a 16 15 122 
a 16 17 116 
a 16 19 82 
a 17 13 88 
a 17 16 116 
a 17 20 83 
a 17 30 115 
a 18 14 84 
a 18 19 178 
a 18 21 53 
a 18 68 54
a 19 16 82 
a 19 18 178 
a 19 20 118 
a 20 17 83 
a 20 19 118 
a 20 24 89 
a 20 31 111 
a 21 18 53 
a 21 22 27 
a 21 67 53
a 22 21 27 
a 22 23 174 
a 22 66 51
a 23 19 88
a 23 22 174 
a 23 24 116 
a 24 20 89 
a 24 23 116 
a 24 32 100 
a 25 3 91 
a 25 26 41 
a 26 25 41 
a 26 27 56 
a 26 33 118 
a 27 6 120 
a 27 26 56 
a 27 28 83 
a 27 33 172 
a 28 9 93 
a 28 27 83 
a 28 29 82 
a 28 34 5 
a 29 13 115 
a 29 28 82 
a 29 30 81 
a 29 35 68 
a 30 17 115 
a 30 29 81 
a 30 31 85 
a 30 37 101 
a 31 20 111 
a 31 30 85 
a 31 32 87 
a 31 38 102 
a 32 24 100 
a 32 31 87 
a 32 41 101 
a 32 44 181
a 33 26 118 
a 33 27 172 
a 34 28 5 
a 35 29 68 
a 36 35 44
a 36 37 94 
a 36 39 187 
a 37 30 101 
a 37 36 94 
a 37 38 83 
a 38 31 102 
a 38 37 83 
a 38 39 64 
a 38 41 87 
a 39 36 187 
a 39 38 64 
a 39 40 38 
a 40 39 38 
a 40 42 39 
a 41 38 87 
a 41 32 101 
a 41 42 76 
a 41 44 87
a 42 40 39 
a 42 41 76 
a 42 48 225
a 43 32 84
a 43 44 99
a 43 45 82
a 44 41 87 
a 44 43 99 
a 44 46 87
a 45 43 82 
a 45 46 98
a 45 49 82
a 46 44 87 
a 46 45 98 
a 46 47 75
a 47 46 75 
a 47 48 49
a 47 50 84
a 48 42 225 
a 48 47 49 
a 48 50 130
a 49 45 82 
a 49 50 176
a 49 51 90
a 49 53 104
a 50 47 84 
a 50 48 130 
a 50 49 176 
a 50 52 88
a 51 49 90 
a 51 52 178
a 51 54 96
a 52 50 88 
a 52 51 178 
a 53 49 104 
a 53 54 89
a 53 55 46
a 54 51 96 
a 54 53 89 
a 54 56 98
a 55 53 46 
a 55 57 131
a 56 54 98 
a 56 59 104
a 57 55 131 
a 57 60 115
a 58 57 53
a 58 59 55
a 58 62 158
a 59 56 104 
a 59 58 55 
a 59 63 160
a 60 57 115 
a 60 61 51
a 61 60 51 
a 61 62 56
a 61 64 108
a 62 58 158 
a 62 61 56 
a 62 63 57
a 63 59 160 
a 63 62 57 
a 64 61 108 
a 64 65 51
a 65 64 51 
a 65 66 81
a 66 22 51 
a 66 65 81 
a 66 67 32
a 67 21 53 
a 67 66 32 
a 67 68 52
a 68 18 54 
a 68 67 52 
a 68 69 50
a 68 70 50
a 69 68 50 
a 69 71 90
a 70 68 50 
a 70 71 90
a 70 72 208
a 71 69 90 
a 71 70 90 
a 71 73 75
a 72 10 107 
a 72 70 208 
a 72 73 53
a 72 74 164
a 73 71 75 
a 73 72 53 
a 73 75 161
a 74 4 67 
a 74 72 164 
a 74 75 50
a 74 76 190
a 75 73 161 
a 75 74 50 
a 76 74 190 
a 76 77 60
a 77 1 122 
a 77 76 60 
a 77 78 47
a 78 77 47 
a 78 79 104
a 79 78 104 
a 79 80 69
a 79 81 136
a 80 2 49 
a 80 79 69 
a 80 81 121
a 81 3 57 
a 81 79 136 
a 81 80 121 